addition
  0  1  2  3  4  5  6  7  8  9 10 11 12 13 14 15
  1  0  3  2  5  4  7  6  9  8 11 10 13 12 15 14
  2  3  0  1  6  7  4  5 10 11  8  9 14 15 12 13
  3  2  1  0  7  6  5  4 11 10  9  8 15 14 13 12
  4  5  6  7  0  1  2  3 12 13 14 15  8  9 10 11
  5  4  7  6  1  0  3  2 13 12 15 14  9  8 11 10
  6  7  4  5  2  3  0  1 14 15 12 13 10 11  8  9
  7  6  5  4  3  2  1  0 15 14 13 12 11 10  9  8
  8  9 10 11 12 13 14 15  0  1  2  3  4  5  6  7
  9  8 11 10 13 12 15 14  1  0  3  2  5  4  7  6
 10 11  8  9 14 15 12 13  2  3  0  1  6  7  4  5
 11 10  9  8 15 14 13 12  3  2  1  0  7  6  5  4
 12 13 14 15  8  9 10 11  4  5  6  7  0  1  2  3
 13 12 15 14  9  8 11 10  5  4  7  6  1  0  3  2
 14 15 12 13 10 11  8  9  6  7  4  5  2  3  0  1
 15 14 13 12 11 10  9  8  7  6  5  4  3  2  1  0

0,1,2,3,4,5,6,7,8,9,10,11,12,13,14,15,1,0,3,2,5,4,7,6,9,8,11,10,13,12,15,14,2,3,0,1,6,7,4,5,10,11,8,9,14,15,12,13,3,2,1,0,7,6,5,4,11,10,9,8,15,14,13,12,4,5,6,7,0,1,2,3,12,13,14,15,8,9,10,11,5,4,7,6,1,0,3,2,13,12,15,14,9,8,11,10,6,7,4,5,2,3,0,1,14,15,12,13,10,11,8,9,7,6,5,4,3,2,1,0,15,14,13,12,11,10,9,8,8,9,10,11,12,13,14,15,0,1,2,3,4,5,6,7,9,8,11,10,13,12,15,14,1,0,3,2,5,4,7,6,10,11,8,9,14,15,12,13,2,3,0,1,6,7,4,5,11,10,9,8,15,14,13,12,3,2,1,0,7,6,5,4,12,13,14,15,8,9,10,11,4,5,6,7,0,1,2,3,13,12,15,14,9,8,11,10,5,4,7,6,1,0,3,2,14,15,12,13,10,11,8,9,6,7,4,5,2,3,0,1,15,14,13,12,11,10,9,8,7,6,5,4,3,2,1,0,

multiplycation
  0  0  0  0  0  0  0  0  0  0  0  0  0  0  0  0
  0  1  2  3  4  5  6  7  8  9 10 11 12 13 14 15
  0  2  4  6  8 10 12 14 15 13 11  9  7  5  3  1
  0  3  6  5 12 15 10  9  7  4  1  2 11  8 13 14
  0  4  8 12 15 11  7  3  1  5  9 13 14 10  6  2
  0  5 10 15 11 14  1  4  9 12  3  6  2  7  8 13
  0  6 12 10  7  1 11 13 14  8  2  4  9 15  5  3
  0  7 14  9  3  4 13 10  6  1  8 15  5  2 11 12
  0  8 15  7  1  9 14  6  2 10 13  5  3 11 12  4
  0  9 13  4  5 12  8  1 10  3  7 14 15  6  2 11
  0 10 11  1  9  3  2  8 13  7  6 12  4 14 15  5
  0 11  9  2 13  6  4 15  5 14 12  7  8  3  1 10
  0 12  7 11 14  2  9  5  3 15  4  8 13  1 10  6
  0 13  5  8 10  7 15  2 11  6 14  3  1 12  4  9
  0 14  3 13  6  8  5 11 12  2 15  1 10  4  9  7
  0 15  1 14  2 13  3 12  4 11  5 10  6  9  7  8

0,0,0,0,0,0,0,0,0,0,0,0,0,0,0,0,0,1,2,3,4,5,6,7,8,9,10,11,12,13,14,15,0,2,4,6,8,10,12,14,15,13,11,9,7,5,3,1,0,3,6,5,12,15,10,9,7,4,1,2,11,8,13,14,0,4,8,12,15,11,7,3,1,5,9,13,14,10,6,2,0,5,10,15,11,14,1,4,9,12,3,6,2,7,8,13,0,6,12,10,7,1,11,13,14,8,2,4,9,15,5,3,0,7,14,9,3,4,13,10,6,1,8,15,5,2,11,12,0,8,15,7,1,9,14,6,2,10,13,5,3,11,12,4,0,9,13,4,5,12,8,1,10,3,7,14,15,6,2,11,0,10,11,1,9,3,2,8,13,7,6,12,4,14,15,5,0,11,9,2,13,6,4,15,5,14,12,7,8,3,1,10,0,12,7,11,14,2,9,5,3,15,4,8,13,1,10,6,0,13,5,8,10,7,15,2,11,6,14,3,1,12,4,9,0,14,3,13,6,8,5,11,12,2,15,1,10,4,9,7,0,15,1,14,2,13,3,12,4,11,5,10,6,9,7,8,

inverse
1,15,10,8,6,5,9,4,7,3,14,13,12,11,2,