# Data is downloaded from
# https://oeis.org/A058943/b058943.txt
1 10
2 11
3 111
4 1011
5 1101
6 10011
7 11001
8 11111
9 100101
10 101001
11 101111
12 110111
13 111011
14 111101
15 1000011
16 1001001
17 1010111
18 1011011
19 1100001
20 1100111
21 1101101
22 1110011
23 1110101
24 10000011
25 10001001
26 10001111
27 10010001
28 10011101
29 10100111
30 10101011
31 10111001
32 10111111
33 11000001
34 11001011
35 11010011
36 11010101
37 11100101
38 11101111
39 11110001
40 11110111
41 11111101
42 100011011
43 100011101
44 100101011
45 100101101
46 100111001
47 100111111
48 101001101
49 101011111
50 101100011
51 101100101
52 101101001
53 101110001
54 101110111
55 101111011
56 110000111
57 110001011
58 110001101
59 110011111
60 110100011
61 110101001
62 110110001
63 110111101
64 111000011
65 111001111
66 111010111
67 111011101
68 111100111
69 111110011
70 111110101
71 111111001
72 1000000011
73 1000010001
74 1000010111
75 1000011011
76 1000100001
77 1000101101
78 1000110011
79 1001001011
80 1001011001
81 1001011111
82 1001100101
83 1001101001
84 1001101111
85 1001110111
86 1001111101
87 1010000111
88 1010010101
89 1010011001
90 1010100011
91 1010100101
92 1010101111
93 1010110111
94 1010111101
95 1011001111
96 1011010001
97 1011011011
98 1011110101
99 1011111001
100 1100000001
101 1100010011
102 1100010101
103 1100011111
104 1100100011
105 1100110001
106 1100111011
107 1101001001
108 1101001111
109 1101011011
110 1101100001
111 1101101011
112 1101101101
113 1101110011
114 1101111111
115 1110000101
116 1110001111
117 1110100001
118 1110110101
119 1110111001
120 1111000111
121 1111001011
122 1111001101
123 1111010101
124 1111011001
125 1111100011
126 1111101001
127 1111111011
128 10000001001
129 10000001111
130 10000011011
131 10000011101
132 10000100111
133 10000101101
134 10000110101
135 10001000111
136 10001010011
137 10001100011
138 10001100101
139 10001101111
140 10010000001
141 10010001011
142 10010011001
143 10010101001
144 10010101111
145 10011000101
146 10011001001
147 10011010111
148 10011100111
149 10011101101
150 10011110011
151 10011111111
152 10100001011
153 10100001101
154 10100011001
155 10100011111
156 10100100011
157 10100110001
158 10100111101
159 10101000011
160 10101010111
161 10101100001
162 10101100111
163 10101101011
164 10110000101
165 10110001111
166 10110010111
167 10110011011
168 10110100001
169 10110101011
170 10110111001
171 10111000001
172 10111000111
173 10111100101
174 10111110111
175 10111111011
176 11000010011
177 11000010101
178 11000100011
179 11000100101
180 11000110001
181 11000110111
182 11001000011
183 11001001111
184 11001010001
185 11001011011
186 11001111001
187 11001111111
188 11010000101
189 11010001001
190 11010100111
191 11010101101
192 11010110101
193 11010111111
194 11011000001
195 11011001101
196 11011010011
197 11011011111
198 11011110111
199 11011111101
200 11100001111
201 11100010001
202 11100010111
203 11100011101
204 11100100001
205 11100101011
206 11100110101
207 11100111001
208 11101000111
209 11101001101
210 11101010101
211 11101011001
212 11101100011
213 11101111011
214 11101111101
215 11110000001
216 11110000111
217 11110001101
218 11110010011
219 11110101001
220 11110110001
221 11111000101
222 11111011011
223 11111101011
224 11111110011
225 11111111001
226 11111111111
227 100000000101
228 100000010111
229 100000101011
230 100000101101
231 100001000111
232 100001100011
233 100001100101
234 100001110001
235 100001111011
236 100010001101
237 100010010101
238 100010011111
239 100010101001
240 100010110001
241 100011000011
242 100011001111
243 100011010001
244 100011100001
245 100011100111
246 100011101011
247 100011110101
248 100100001101
249 100100010011
250 100100100101
251 100100101001
252 100100110111
253 100100111011
254 100100111101
255 100101000101
256 100101001001
257 100101010001
258 100101011011
259 100101110011
260 100101110101
261 100101111111
262 100110000011
263 100110001111
264 100110101011
265 100110101101
266 100110111001
267 100111000111
268 100111011001
269 100111100101
270 100111101111
271 100111110111
272 101000000001
273 101000000111
274 101000010011
275 101000010101
276 101000101001
277 101001001001
278 101001100001
279 101001101101
280 101001111001
281 101001111111
282 101010000101
283 101010010001
284 101010011101
285 101010100111
286 101010101011
287 101010110011
288 101010110101
289 101011010101
290 101011011111
291 101011100011
292 101011101001
293 101011101111
294 101011110001
295 101011111011
296 101100000011
297 101100001001
298 101100010001
299 101100110011
300 101100111111
301 101101000001
302 101101001011
303 101101011001
304 101101011111
305 101101100101
306 101101101111
307 101101111101
308 101110000111
309 101110001011
310 101110010011
311 101110010101
312 101110101111
313 101110110111
314 101110111101
315 101111001001
316 101111011011
317 101111011101
318 101111100111
319 101111101101
320 110000001011
321 110000001101
322 110000011001
323 110000011111
324 110000110001
325 110001010111
326 110001100001
327 110001101011
328 110001110011
329 110001110101
330 110010000101
331 110010001001
332 110010010111
333 110010011011
334 110010011101
335 110010110011
336 110010111111
337 110011000111
338 110011001101
339 110011010011
340 110011010101
341 110011100011
342 110011101001
343 110011110111
344 110100000011
345 110100001111
346 110100011101
347 110100100111
348 110100101101
349 110101000001
350 110101000111
351 110101010101
352 110101011001
353 110101100011
354 110101101111
355 110101110001
356 110110010011
357 110110011111
358 110110101001
359 110110111011
360 110110111101
361 110111001001
362 110111010111
363 110111011011
364 110111100001
365 110111100111
366 110111110101
367 110111111111
368 111000000101
369 111000011101
370 111000100001
371 111000100111
372 111000101011
373 111000110011
374 111000111001
375 111001000111
376 111001001011
377 111001010101
378 111001011111
379 111001110001
380 111001111011
381 111001111101
382 111010000001
383 111010010011
384 111010011111
385 111010100011
386 111010111011
387 111011001001
388 111011001111
389 111011011101
390 111011110011
391 111011111001
392 111100001011
393 111100011001
394 111100110001
395 111100110111
396 111101011101
397 111101101011
398 111101101101
399 111101110101
400 111101111001
401 111110000011
402 111110010001
403 111110010111
404 111110011011
405 111110100111
406 111110101101
407 111110110101
408 111111001101
409 111111010011
410 111111100101
411 111111101001
412 111111111011
413 1000000001001
414 1000000010111
415 1000000100001
416 1000000110011
417 1000000110101
418 1000000111111
419 1000001001101
420 1000001010011
421 1000001101001
422 1000001110111
423 1000001111011
424 1000001111101
425 1000010000001
426 1000010001011
427 1000010011001
428 1000010100011
429 1000010100101
430 1000011001111
431 1000011010001
432 1000011101011
433 1000011101101
434 1000011111111
435 1000100000111
436 1000100011111
437 1000100100011
438 1000100110001
439 1000100110111
440 1000100111011
441 1000101001111
442 1000101010111
443 1000101100001
444 1000101101011
445 1000101101101
446 1000101111001
447 1000110000011
448 1000110000101
449 1000110010001
450 1000110101011
451 1000110110011
452 1000111011001
453 1000111011111
454 1000111100011
455 1000111101111
456 1000111110001
457 1001000000001
458 1001000001101
459 1001000010011
460 1001000011001
461 1001000100101
462 1001000110111
463 1001000111011
464 1001000111101
465 1001001000011
466 1001001000101
467 1001001100111
468 1001001101101
469 1001001110011
470 1001001111111
471 1001010110101
472 1001010111001
473 1001011000001
474 1001011001011
475 1001100001001
476 1001100001111
477 1001100011011
478 1001100011101
479 1001100100001
480 1001100110011
481 1001100111001
482 1001100111111
483 1001101001101
484 1001101100101
485 1001101110001
486 1001110011001
487 1001110011111
488 1001110100011
489 1001110101001
490 1001110101111
491 1001110111011
492 1001111000011
493 1001111010001
494 1001111010111
495 1001111011101
496 1001111110011
497 1001111110101
498 1010000000111
499 1010000010011
500 1010000110001
501 1010000110111
502 1010001001001
503 1010001001111
504 1010001011011
505 1010001011101
506 1010001100111
507 1010001101011
508 1010001110101
509 1010001111111
510 1010010001001
511 1010010100001
512 1010010100111
513 1010010101101
514 1010010110101
515 1010011001101
516 1010011010011
517 1010011011001
518 1010011011111
519 1010011100101
520 1010100001111
521 1010100011101
522 1010101001011
523 1010101001101
524 1010110000001
525 1010110010011
526 1010110100101
527 1010110101001
528 1010110111011
529 1010111000101
530 1010111010111
531 1010111011101
532 1010111101011
533 1010111111001
534 1011000000011
535 1011000001001
536 1011000011011
537 1011000111111
538 1011001000001
539 1011001000111
540 1011001001011
541 1011001010101
542 1011001011001
543 1011001100011
544 1011001100101
545 1011001101111
546 1011010010011
547 1011010100101
548 1011010111101
549 1011011000011
550 1011011001001
551 1011011010001
552 1011011100001
553 1011011100111
554 1011011110011
555 1011011111111
556 1011100001011
557 1011100010101
558 1011100011001
559 1011100111101
560 1011101000011
561 1011101000101
562 1011101001111
563 1011101010111
564 1011101011101
565 1011101110011
566 1011101110101
567 1011101111001
568 1011110001001
569 1011110001111
570 1011110010111
571 1011110011101
572 1011110101101
573 1011110110011
574 1011110111111
575 1011111000001
576 1011111011111
577 1011111111011
578 1100000000111
579 1100000001101
580 1100000011111
581 1100000100011
582 1100000110001
583 1100000110111
584 1100001001001
585 1100001010111
586 1100001011101
587 1100001101101
588 1100001111001
589 1100001111111
590 1100010000011
591 1100010010001
592 1100010010111
593 1100010100001
594 1100010111001
595 1100011001011
596 1100011001101
597 1100011101111
598 1100011110001
599 1100011111011
600 1100100000101
601 1100100001001
602 1100100011011
603 1100100101101
604 1100100110101
605 1100101000001
606 1100101001011
607 1100101011111
608 1100101100101
609 1100101101111
610 1100101111011
611 1100110000001
612 1100110001011
613 1100110011001
614 1100110110001
615 1100110110111
616 1100110111101
617 1100111001001
618 1100111001111
619 1100111011101
620 1100111100111
621 1100111101101
622 1100111111001
623 1101000011011
624 1101000011101
625 1101000100001
626 1101000101011
627 1101000110011
628 1101001001101
629 1101001010011
630 1101001010101
631 1101001011111
632 1101001100011
633 1101001101001
634 1101001111011
635 1101010001011
636 1101010110001
637 1101011000101
638 1101011010001
639 1101011100001
640 1101011100111
641 1101011101011
642 1101011110101
643 1101100001011
644 1101100001101
645 1101100010011
646 1101100011001
647 1101100011111
648 1101100101111
649 1101101000101
650 1101101010111
651 1101110001001
652 1101110001111
653 1101110010001
654 1101110100111
655 1101110110101
656 1101110111001
657 1101110111111
658 1101111000001
659 1101111001011
660 1101111010011
661 1101111100011
662 1101111111101
663 1110000000011
664 1110000000101
665 1110000001111
666 1110000010001
667 1110000010111
668 1110000100111
669 1110001001101
670 1110001011111
671 1110010000111
672 1110010011111
673 1110010100101
674 1110010110111
675 1110010111011
676 1110011000101
677 1110011001001
678 1110011001111
679 1110011010111
680 1110011101011
681 1110011101101
682 1110011110011
683 1110100000001
684 1110100000111
685 1110100100011
686 1110100101111
687 1110100111101
688 1110101000011
689 1110101010001
690 1110101011011
691 1110101011101
692 1110101100111
693 1110101110101
694 1110101111001
695 1110110000011
696 1110110000101
697 1110110001001
698 1110110010001
699 1110110100111
700 1110110110011
701 1110111000001
702 1110111101111
703 1111000000111
704 1111000010101
705 1111000011001
706 1111000101111
707 1111000111011
708 1111000111101
709 1111001000101
710 1111001010001
711 1111001011101
712 1111001100001
713 1111001100111
714 1111001110011
715 1111010001111
716 1111010010111
717 1111010011011
718 1111010111001
719 1111010111111
720 1111011001101
721 1111011010011
722 1111011100011
723 1111011110001
724 1111011110111
725 1111100000011
726 1111100010001
727 1111100011011
728 1111100100111
729 1111100111001
730 1111101000111
731 1111101001011
732 1111101010011
733 1111101100101
734 1111101110001
735 1111101111101
736 1111110000001
737 1111110001101
738 1111110011001
739 1111110101111
740 1111110111011
741 1111110111101
742 1111111000011
743 1111111000101
744 1111111001001
745 1111111100001
746 1111111101101
747 1111111111111
748 10000000011011
749 10000000100111
750 10000000110101
751 10000001010011
752 10000001100101
753 10000001101111
754 10000010001011
755 10000010001101
756 10000010011111
757 10000010100101
758 10000010101111
759 10000010111011
760 10000010111101
761 10000011000011
762 10000011001001
763 10000011100001
764 10000011110011
765 10000100001101
766 10000100010101
767 10000100101001
768 10000100101111
769 10000100111011
770 10000101000011
771 10000101100111
772 10000101101011
773 10000101111001
774 10000110001001
775 10000110010111
776 10000110011101
777 10000110111111
778 10000111000001
779 10000111000111
780 10000111001101
781 10000111011111
782 10000111100011
783 10000111110001
784 10000111111011
785 10001000011001
786 10001000100101
787 10001000110111
788 10001000111101
789 10001001000011
790 10001001011011
791 10001001011101
792 10001001111001
793 10001001111111
794 10001010001001
795 10001010010111
796 10001010011011
797 10001010110011
798 10001010111111
799 10001011001101
800 10001011101111
801 10001011110111
802 10001011111011
803 10001100000101
804 10001100100111
805 10001100101011
806 10001101000111
807 10001101010101
808 10001101011001
809 10001101101111
810 10001101110001
811 10001101111101
812 10001110000111
813 10001110001101
814 10001110010101
815 10001110100011
816 10001110101001
817 10001110110001
818 10001110110111
819 10001110111011
820 10001111100001
821 10001111101101
822 10001111111001
823 10010000001011
824 10010000010011
825 10010000011111
826 10010000100101
827 10010000101001
828 10010000111101
829 10010001010001
830 10010001010111
831 10010001100001
832 10010001101101
833 10010001111111
834 10010010000011
835 10010010011011
836 10010010011101
837 10010010110101
838 10010010111111
839 10010011000001
840 10010011000111
841 10010011001011
842 10010011100011
843 10010100001001
844 10010100010111
845 10010100011101
846 10010100100001
847 10010100101101
848 10010100111001
849 10010101010011
850 10010101010101
851 10010101100011
852 10010101110001
853 10010101110111
854 10010110000111
855 10010110001011
856 10010110010101
857 10010110011001
858 10010110011111
859 10010110101111
860 10010110111101
861 10010111000101
862 10010111001111
863 10010111010111
864 10010111101011
865 10011000000011
866 10011000000101
867 10011000010001
868 10011000101101
869 10011000111111
870 10011001001011
871 10011001010011
872 10011001011001
873 10011001101001
874 10011001110111
875 10011001111011
876 10011010000111
877 10011010010011
878 10011010011001
879 10011010110001
880 10011010110111
881 10011010111101
882 10011011000011
883 10011011101011
884 10011011110101
885 10011100010011
886 10011100101001
887 10011100111011
888 10011101001111
889 10011101010111
890 10011101011101
891 10011101101011
892 10011101110011
893 10011101111001
894 10011110000011
895 10011110010001
896 10011110100001
897 10011110111001
898 10011111000111
899 10011111001011
900 10011111011111
901 10011111101111
902 10011111110001
903 10100000000111
904 10100000011001
905 10100000011111
906 10100000100011
907 10100000110001
908 10100000111011
909 10100000111101
910 10100001000101
911 10100001100111
912 10100001110101
913 10100010000101
914 10100010101011
915 10100010101101
916 10100010111111
917 10100011001101
918 10100011010101
919 10100011011111
920 10100011100011
921 10100011101001
922 10100011111011
923 10100100001001
924 10100100001111
925 10100100010001
926 10100100011011
927 10100100101011
928 10100100110101
929 10100100111111
930 10100101000001
931 10100101001011
932 10100101010101
933 10100101110111
934 10100101111101
935 10100110000001
936 10100110010011
937 10100110011111
938 10100110101111
939 10100110110111
940 10100110111101
941 10100111000011
942 10100111010111
943 10100111110011
944 10100111110101
945 10101000000011
946 10101000001111
947 10101000011101
948 10101000100001
949 10101000110011
950 10101000110101
951 10101001001101
952 10101001101001
953 10101001101111
954 10101001110001
955 10101001111011
956 10101001111101
957 10101010100101
958 10101010101001
959 10101010110001
960 10101011000101
961 10101011010111
962 10101011011011
963 10101011101011
964 10101011110011
965 10101100000001
966 10101100010101
967 10101100100011
968 10101100100101
969 10101100101111
970 10101100110111
971 10101101000011
972 10101101001001
973 10101101101101
974 10101101111111
975 10101110000101
976 10101110010111
977 10101110011011
978 10101110101101
979 10101110110011
980 10101111011001
981 10101111100101
982 10101111111101
983 10110000001111
984 10110000100001
985 10110000101011
986 10110000101101
987 10110000111111
988 10110001000001
989 10110001001101
990 10110001110001
991 10110010001011
992 10110010001101
993 10110010010101
994 10110010100011
995 10110010101111
996 10110010111101
997 10110011000101
998 10110011010001
999 10110011010111
1000 10110011100001
1001 10110011100111
1002 10110011101011
1003 10110100001101
1004 10110100011001
1005 10110100101001
1006 10110100101111
1007 10110100110111
1008 10110100111011
1009 10110101000101
1010 10110101011011
1011 10110101100111
1012 10110101110101
1013 10110110001001
1014 10110110001111
1015 10110110100111
1016 10110110101011
1017 10110110110101
1018 10110111100011
1019 10110111110001
1020 10110111111101
1021 10111000000111
1022 10111000010011
1023 10111000010101
1024 10111000101001
1025 10111001001001
1026 10111001001111
1027 10111001011011
1028 10111001011101
1029 10111001100001
1030 10111001101011
1031 10111010001111
1032 10111010010001
1033 10111010010111
1034 10111010011101
1035 10111010101011
1036 10111010110011
1037 10111010111001
1038 10111011011111
1039 10111011111011
1040 10111011111101
1041 10111100000101
1042 10111100001001
1043 10111100010001
1044 10111100010111
1045 10111100111111
1046 10111101000001
1047 10111101001011
1048 10111101001101
1049 10111101011001
1050 10111101011111
1051 10111101100101
1052 10111101101001
1053 10111110010101
1054 10111110100101
1055 10111110101111
1056 10111110110001
1057 10111111001111
1058 10111111011101
1059 10111111100111
1060 10111111101101
1061 10111111110101
1062 10111111111111
1063 11000000000111
1064 11000000010101
1065 11000000011001
1066 11000000101111
1067 11000001001001
1068 11000001001111
1069 11000001100111
1070 11000001111001
1071 11000001111111
1072 11000010010001
1073 11000010100001
1074 11000010110101
1075 11000010111111
1076 11000011000001
1077 11000011010011
1078 11000011011001
1079 11000011100101
1080 11000011101111
1081 11000100000101
1082 11000100001111
1083 11000100110101
1084 11000101000111
1085 11000101001101
1086 11000101011111
1087 11000101100011
1088 11000101110001
1089 11000101111011
1090 11000110100011
1091 11000110101001
1092 11000110110111
1093 11000111000101
1094 11000111001001
1095 11000111011011
1096 11000111100001
1097 11000111101011
1098 11000111101101
1099 11000111110011
1100 11000111111111
1101 11001000001001
1102 11001000001111
1103 11001000011101
1104 11001000100111
1105 11001000111001
1106 11001001001011
1107 11001001010011
1108 11001001011001
1109 11001001100101
1110 11001010000001
1111 11001010010011
1112 11001010011001
1113 11001010011111
1114 11001010101001
1115 11001010110111
1116 11001010111011
1117 11001011000011
1118 11001011010111
1119 11001011011011
1120 11001011100111
1121 11001100000111
1122 11001100010101
1123 11001100101111
1124 11001101010001
1125 11001101011101
1126 11001101110101
1127 11001110010111
1128 11001110011011
1129 11001110101011
1130 11001110111001
1131 11001111000001
1132 11001111000111
1133 11001111010101
1134 11001111100011
1135 11001111100101
1136 11001111110111
1137 11001111111011
1138 11010000001001
1139 11010000011011
1140 11010000100111
1141 11010001000001
1142 11010001001101
1143 11010001011111
1144 11010001101001
1145 11010001110111
1146 11010001111011
1147 11010010000111
1148 11010010010011
1149 11010010011001
1150 11010010100101
1151 11010010111101
1152 11010011001001
1153 11010011011011
1154 11010011100111
1155 11010011111001
1156 11010100001101
1157 11010100011111
1158 11010100100101
1159 11010100110001
1160 11010100110111
1161 11010101000101
1162 11010101001111
1163 11010101011101
1164 11010101101101
1165 11010101110011
1166 11010101111111
1167 11010110011101
1168 11010110100001
1169 11010110111001
1170 11010111001101
1171 11010111010101
1172 11010111011001
1173 11010111100011
1174 11010111101001
1175 11010111101111
1176 11011000000001
1177 11011000001011
1178 11011000011111
1179 11011000100101
1180 11011000101111
1181 11011000111011
1182 11011001001001
1183 11011001010001
1184 11011001011011
1185 11011001110011
1186 11011001110101
1187 11011010010001
1188 11011010011011
1189 11011010011101
1190 11011010101101
1191 11011011001011
1192 11011011010011
1193 11011011010101
1194 11011011100011
1195 11011011101111
1196 11011100000101
1197 11011100001111
1198 11011100011011
1199 11011100100001
1200 11011100101101
1201 11011100111001
1202 11011101000001
1203 11011101000111
1204 11011101010011
1205 11011101110001
1206 11011101110111
1207 11011110001011
1208 11011110010101
1209 11011110011001
1210 11011110100011
1211 11011111000101
1212 11011111001111
1213 11011111010001
1214 11011111010111
1215 11011111011101
1216 11011111100001
1217 11011111110011
1218 11100000000011
1219 11100000000101
1220 11100000010111
1221 11100000011101
1222 11100000100111
1223 11100000110011
1224 11100001001011
1225 11100001011001
1226 11100001101001
1227 11100001110001
1228 11100010100011
1229 11100010110001
1230 11100010111011
1231 11100011001001
1232 11100011001111
1233 11100011100001
1234 11100011110011
1235 11100011111001
1236 11100100000001
1237 11100100000111
1238 11100100001011
1239 11100100010011
1240 11100100110001
1241 11100101001111
1242 11100101100111
1243 11100101101101
1244 11100110000011
1245 11100110000101
1246 11100110010111
1247 11100110100001
1248 11100110100111
1249 11100110101101
1250 11100111001011
1251 11100111001101
1252 11100111010011
1253 11100111101111
1254 11100111110111
1255 11100111111101
1256 11101000000111
1257 11101000101001
1258 11101000101111
1259 11101000111101
1260 11101001010001
1261 11101001011101
1262 11101001100001
1263 11101001100111
1264 11101001110011
1265 11101001110101
1266 11101010001001
1267 11101010111001
1268 11101010111111
1269 11101011001101
1270 11101011010011
1271 11101011010101
1272 11101011011111
1273 11101011100101
1274 11101011101001
1275 11101011111011
1276 11101100010001
1277 11101100101011
1278 11101100101101
1279 11101100110101
1280 11101100111111
1281 11101101010011
1282 11101101011001
1283 11101101100011
1284 11101101100101
1285 11101101101111
1286 11101101110001
1287 11101101110111
1288 11101110001011
1289 11101110011001
1290 11101110100101
1291 11101110101001
1292 11101110110111
1293 11101110111011
1294 11101111010001
1295 11101111100111
1296 11101111110011
1297 11101111111111
1298 11110000001101
1299 11110000010011
1300 11110000010101
1301 11110000011111
1302 11110000100011
1303 11110000100101
1304 11110000111011
1305 11110001001111
1306 11110001011101
1307 11110001101101
1308 11110010000011
1309 11110010001111
1310 11110010011101
1311 11110010100111
1312 11110010101011
1313 11110010111001
1314 11110011000111
1315 11110011101001
1316 11110011111011
1317 11110011111101
1318 11110100000011
1319 11110100010111
1320 11110100011011
1321 11110100100001
1322 11110100101101
1323 11110100110011
1324 11110100110101
1325 11110101000001
1326 11110101001101
1327 11110101100101
1328 11110101101001
1329 11110101111101
1330 11110110000001
1331 11110110010101
1332 11110110110001
1333 11110110110111
1334 11110111000011
1335 11110111010001
1336 11110111011011
1337 11110111100111
1338 11110111101011
1339 11110111111001
1340 11111000000101
1341 11111000001001
1342 11111000001111
1343 11111000011011
1344 11111000101011
1345 11111000111111
1346 11111001000001
1347 11111001010011
1348 11111001100101
1349 11111001101001
1350 11111010001011
1351 11111010100011
1352 11111010111101
1353 11111011000101
1354 11111011010111
1355 11111011011101
1356 11111011100001
1357 11111011111001
1358 11111100001101
1359 11111100011001
1360 11111100011111
1361 11111100100101
1362 11111100110111
1363 11111100111101
1364 11111101000011
1365 11111101000101
1366 11111101001001
1367 11111101010001
1368 11111101010111
1369 11111101100001
1370 11111110000011
1371 11111110001001
1372 11111110010001
1373 11111110101011
1374 11111110110101
1375 11111111100011
1376 11111111110111
1377 11111111111101
